47.06426483052479 15.45313223965258
47.06425979737209 15.453135070472628
47.064254568579415 15.453136990562202
47.06424936532466 15.453139054758408
47.064244045977084 15.453140330754733
47.06423884313097 15.453142397169634
47.064233552006016 15.45314390499599
47.06422833829834 15.453145911544208
47.06422304429018 15.453147397399821
47.06421766816192 15.453147962507089
47.06421312296197 15.453143709709273
47.064210134261764 15.453137124969922
47.06420614264703 15.453131807897655
47.06420268164721 15.453125742111121
47.06419851600137 15.453120720980078
47.06419445428895 15.453115519573723
47.06419093385988 15.453109527947204
47.06418706372454 15.453104020722668
47.064183659023215 15.453097886654108
47.06418032591552 15.453091668421903
47.06417742104565 15.453085003321002
47.064173556867864 15.453079487087987
47.06417102200412 15.453072504156387
47.0641671531702 15.453066994961507
47.06416240675724 15.453063245692512
47.06415804387218 15.453058599572326
47.064153527755934 15.453054280515412
47.06414923276634 15.453049500002797
47.06414480116629 15.453044996221914
47.064140569637196 15.453040095257602
47.06413596503109 15.45303598249183
47.064131083327815 15.453032628430506
47.064126182042294 15.453029336492254
47.064121614895605 15.453025134672766
47.06411807598978 15.45301916655051
47.06411595693876 15.453011891118908
47.06411312033688 15.453005162946534
47.06411158723811 15.452997577176035
47.064109254145016 15.452990444283609
47.06410659516146 15.452983561552296
47.06410380644719 15.452976790373175
47.06410019367478 15.452970918407813
47.06409738843658 15.45296416195486
47.064093272427705 15.452959053364888
47.06408893624931 15.45295435367068
47.0640839001466 15.452951534180585
47.064079847065365 15.45294631828411
47.06407502135823 15.452942793908502
47.06406964167803 15.45294230707131
47.0640652346064 15.452946862428348
47.06406404174978 15.452954578825928
47.064063670242895 15.45296247261672
47.06406594226973 15.45296964786743
47.064067151195935 15.45297735887332
47.06406858968899 15.452984984474472
47.06406827626522 15.452992883694153
47.06406616765861 15.453000165662766
47.06406364825469 15.453007160641947
47.06406132604785 15.45301430118641
47.06405920086954 15.453021572765246
47.064056640290985 15.45302853544769
47.06405508145945 15.453036109907481
47.06405327849046 15.453043566690486
47.06405236256499 15.453051364214291
47.064050655684 15.453058869575694
47.06405017924188 15.453066751210521
47.06405205714446 15.453074168027547
47.06405089106745 15.45308189324184
47.06404934989642 15.453089475486292
47.06404962286601 15.453097377941377
47.06405008298592 15.45310526166594
47.06405028455961 15.453113168739616
47.064048051499114 15.453120370305689
47.064047606567236 15.45312825590888
47.06404759171807 15.45313616848793
47.06404651351483 15.453143921162441
47.064045281673316 15.453151624348257
47.06404369748961 15.453159187463568
47.06404316412888 15.453163065511994
47.06404194672608 15.453166595136592
47.06403985314932 15.45316908635035
47.064038153684805 15.453172156832226
47.06403632421281 15.453175061844693
47.06403457147488 15.453178067090485
47.06403252914892 15.453180648363709
47.06403016397185 15.453182544742004
47.06402757439692 15.453183640217992
47.0640249202505 15.453184326032684
47.06402222681622 15.453184193542775
47.064019539989054 15.453183886679177
47.06401686708797 15.453183381677876
47.06401424778928 15.453182450877042
47.064011689385744 15.453181207532653
47.064009095727656 15.453180133076513
47.06400642235634 15.45317963346841
47.064003839786956 15.453180764024506
47.06400225785849 15.453183967002012
47.06400060377438 15.453187090436446
47.06399805038405 15.453188355795863
47.06399553321791 15.45318694264788
47.0639951452295 15.453183027559286
47.06399686749282 15.453179984578489
47.063998606727445 15.453176962472465
47.06400062658654 15.453174343376984
47.06400177897388 15.453170767023863
47.06399914439355 15.453171599704476
47.0640000673811 15.45316788266902
47.0639984342883 15.453164735519001
47.06400004177499 15.45316156008432
47.064001626746645 15.453158360350791
47.06400313193185 15.45315507863557
47.06400458821462 15.453151749706107
47.064006811040514 15.453144541319439
47.0640042057093 15.45313761450924
47.06400126873043 15.45313097980396
47.064000096988615 15.453123256437177
47.063998482104715 15.453115707327912
47.06399503526596 15.453109624188174
47.063991456781494 15.453103707146504
47.06398674467909 15.453099865737222
47.06398251103751 15.453094968706333
47.06397736948681 15.453092594558184
47.063972063406005 15.453091204605366
47.06396684621926 15.453089217641518
47.063961917652854 15.453086014687452
47.06395742680291 15.453081639220843
47.06395342290852 15.453076342083918
47.063949479201895 15.453070948515863
47.063945303013796 15.453065946293524
47.06394191114672 15.453059796920458
47.06393922451341 15.45305293736894
47.063936069487774 15.453046522033722
47.063932091160694 15.453041183542092
47.063928210576215 15.453035692187132
47.063924383501025 15.453030120487695
47.063920659847156 15.45302439975242
47.06391954984784 15.453016656754668
47.0639181197917 15.453009027734318
47.06391423043768 15.453003549766686
47.063910924029216 15.452997300890248
47.06390950262982 15.452989668384097
47.06390732789763 15.452982428450165
47.06390394128445 15.452976272839576
47.06390155381673 15.452969178830072
47.06389781101159 15.45296348509305
47.063894932922835 15.45295679499975
47.06389283428579 15.452949506826888
47.06389357084884 15.45294166844986
47.06389083105549 15.452934854365164
47.063890921922955 15.452926942880632
47.06389002380276 15.45291914089446
47.06389133197949 15.452911464879751
47.06389532323248 15.452906147222258
47.06389792549355 15.452913076519216
47.063894713001254 15.45291943009382
47.06389386889086 15.452927245065563
47.063890487388385 15.452933406728356
47.06388820397214 15.452940574182916
47.063888639581656 15.452948460907763
47.063887504061256 15.452956195925932
47.06388685068301 15.452964050181992
47.06388835411653 15.452971648737753
47.063889201764155 15.452979462884322
47.06388969142887 15.452987342772433
47.063889759100036 15.452995254757843
47.0638882700889 15.453002859431566
47.06388874772594 15.453010740910527
47.06388698448058 15.45301821813722
47.063885819131826 15.453025943588342
47.063885756967956 15.453033855671137
47.06388464703029 15.453041598687934
47.06388337873988 15.45304928911565
47.06388451849439 15.453057022791606
47.06388450043575 15.453064935356274
47.063883030059905 15.453072547840584
47.06388200097929 15.453080314889835
47.06388061925481 15.453087963081343
47.06388056348404 15.453095875266824
47.0638796453095 15.45310367222055
47.06387948935098 15.453111581516495
47.063878315960515 15.453119304343826
47.06387690474895 15.453126940923172
47.06387603046584 15.45313474874242
47.06387491149363 15.453142488956257
47.063874194182546 15.453150331180256
47.063873179279845 15.45315810224899
47.063871904923715 15.45316579051534
47.063870622722604 15.453173475970129
47.06386879333977 15.453180918875299
47.06386782270351 15.453188702122185
47.06386609062284 15.453196195030978
47.063864435968455 15.453203725556387
47.06386423278866 15.453211632541468
47.06386462709402 15.453219523948528
47.06386420834544 15.453227412641352
47.06386527872927 15.453235167650716
47.0638657649606 15.453243047997013
47.06386312579502 15.453249947147604
47.06386020597343 15.453256598153471
47.0638567477798 15.453262667388367
47.06385300084453 15.453268355267971
47.06385132469076 15.453275875539328
47.06384997048742 15.453283534332176
47.063848471473 15.453291134769307
