47.06426486689313 15.453132413204449
47.06425977483321 15.45313500706285
47.06425451599127 15.453136741293175
47.064249265688076 15.453138530412478
47.06424394775969 15.453139819094584
47.06423867262421 15.453141443179623
47.06423336798584 15.453142844947896
47.06422813702284 15.453144752254746
47.064222789354254 15.45314574073422
47.0642175678272 15.453143778495454
47.06421335231464 15.453138847874014
47.06420932222823 15.45313359371779
47.064205661250504 15.453127786454537
47.06420161423808 15.453122560412147
47.06419751616494 15.453117420840018
47.06419350702357 15.453112132262943
47.06419015541246 15.45310593550251
47.06418663270623 15.453099946761137
47.064183646014676 15.453093360057897
47.064180928517985 15.45308652675792
47.06417860315553 15.453079388427039
47.064176039945444 15.453072427831662
47.06417299705272 15.453065896802539
47.06416864668619 15.453061225452496
47.06416427479987 15.453056597603577
47.06415968244523 15.453052455420881
47.064155689334434 15.453047140770112
47.06415137734658 15.453042393350463
47.064146956816636 15.453037866184165
47.06414250064968 15.453033414951296
47.06413787410476 15.453029355594415
47.06413296008569 15.4530261048256
47.06412816517025 15.45302249101077
47.064123992550364 15.45301748237512
47.06412080304495 15.453011103890372
47.06411765231873 15.453004684002941
47.06411537383206 15.452997513168215
47.06411268429506 15.452990656069456
47.06411006998155 15.452983736556746
47.064107227153826 15.452977014049864
47.064104009201984 15.452970666432332
47.064101977598966 15.452963337438176
47.06409860597807 15.452957164116107
47.06409472009751 15.45295168083847
47.064090023665415 15.452947798291582
47.064085198611316 15.452944271989558
47.0640807966548 15.45293970598612
47.064075745014485 15.4529369470504
47.06407051699293 15.452938871659946
47.06406697895423 15.452944840890098
47.06406783099517 15.452952654006854
47.06406765907123 15.45296056258957
47.06406973943874 15.452967862042069
47.064071176501855 15.452975488224254
47.06407179432114 15.452983348679505
47.064071963015486 15.452991257412108
47.064069310194306 15.452998145266335
47.06406630610947 15.453004714900535
47.06406305444016 15.453011025377824
47.064061638480275 15.453018660062659
47.064059725727255 15.453026057661278
47.06405822510598 15.453033657415007
47.06405746156839 15.453041490227207
47.0640555762283 15.45304890297661
47.06405361735617 15.453056274519795
47.06405354488563 15.4530641864136
47.06405458943794 15.45307194901052
47.064055235051924 15.453079804650185
47.06405377949889 15.453087423271297
47.064051791010606 15.453094777705244
47.06404942330688 15.453101885976148
47.06404762679218 15.453109346115669
47.06404658592977 15.453117109780704
47.064044827282494 15.45312458934082
47.064045239719825 15.45313247875018
47.06404422801036 15.453140250716231
47.06404288567857 15.453147914011797
47.06404127795773 15.453155466415375
47.06404011755049 15.453163193469393
47.06403661940113 15.453169213153327
47.06403291581714 15.453174961898249
47.06402909547164 15.45318054354222
47.0640250437333 15.453185761686782
47.06402124369155 15.453191373121602
47.064016560094025 15.45319528893915
47.064011597001915 15.45319837485755
47.06400632046555 15.453199989105235
47.06400093760388 15.453200393105519
47.06399559068041 15.453199395976936
47.06399024542264 15.45319837978372
47.063984965207865 15.453196791669649
47.06397982126539 15.453194428713612
47.06397475397228 15.453191732350971
47.06396944610144 15.453190357206536
47.06396405776125 15.45319054704767
47.06395970505231 15.45319521369271
47.06395710427694 15.453202144191684
47.0639528689952 15.453207038165079
47.06394782332633 15.453204255778953
47.06394513521717 15.453197397473655
47.06394381662838 15.453189725299376
47.06394752864582 15.453183988289135
47.06395068658073 15.453177576039607
47.06395162673014 15.45316978473173
47.06394624256373 15.453170149341561
47.063941543819304 15.453166272828952
47.06393817791002 15.453160092793311
47.063938170904855 15.453152180190916
47.06394144261851 15.453145892081379
47.06394246744748 15.453138123820702
47.063945845676265 15.453131958289065
47.063948851107675 15.453125389982326
47.063951101043216 15.45311819974488
47.06395340669795 15.453111047649923
47.063952032640195 15.45310339648222
47.06395120761432 15.453095577119377
47.06394888944881 15.453088433745423
47.06394591762529 15.453081832564616
47.06394240042203 15.453075836856568
47.06393867720541 15.453070115507984
47.0639338751739 15.45306652211455
47.06392860605064 15.453064856498353
47.0639232686278 15.453063755121246
47.06391824694016 15.453060880753924
47.06391365630778 15.453056734458912
47.06390893584496 15.453052915235304
47.06390447297864 15.453048478491079
47.06390046609591 15.453043186226218
47.06389711519495 15.453036988638146
47.06389388695386 15.453030652290275
47.06389131015822 15.453023702513768
47.06388773317528 15.453017783515755
47.063883959313394 15.453012134132253
47.063880316218885 15.453006302681834
47.06387679294362 15.45300031466193
47.0638730101874 15.45299467811304
47.06386973195081 15.452988397329442
47.06386632671949 15.452982263894958
47.06386295001202 15.452976096567525
47.06385923256203 15.452970367143282
47.06385651672042 15.452963532425354
47.06385315819025 15.452957343743718
47.063850099668066 15.452950828467706
47.06384681561771 15.452944554233104
47.063843579287045 15.452938226785047
47.06384016561659 15.452932103469077
47.06383920463221 15.452924317641411
47.063838511295494 15.452916470771756
47.06383676333847 15.452908985812913
47.06383662779035 15.452901075706398
47.06383683777495 15.452893169104481
47.0638403906297 15.45288721887006
47.06384551010622 15.452889693689485
47.06384373807717 15.452897166439676
47.063840508263354 15.452903501060014
47.06383868342101 15.452910946366973
47.06383545664105 15.452917284318607
47.063833047349284 15.452924362408652
47.06383124114175 15.45293181750236
47.063830867176335 15.452939711042957
47.06382962191346 15.452947409576653
47.06383014449381 15.452955284907095
47.063831178260386 15.452963050615134
47.063831885626 15.452970894785825
47.063832370179384 15.452978775354863
47.06383132268127 15.452986537096235
47.0638319927799 15.452994388315672
47.06383231258567 15.45300228698404
47.06383010318709 15.453009504261779
47.06382774263536 15.453016617657251
47.063825690375374 15.453023934237441
47.06382467341103 15.453031704725285
47.06382287598426 15.45303916439131
47.0638225419604 15.453047061791334
47.06382179552702 15.453054898155797
47.06382220647033 15.453062787733177
47.06382299517064 15.453070615170155
47.06382171618874 15.453078301780888
47.063820823424976 15.45308610509186
47.06382101666469 15.453094012613937
47.06382098127873 15.453101925052486
47.06381884474391 15.453109189455626
47.06381758572826 15.453116883167066
47.06381497985816 15.453123809540378
47.06381423793495 15.453131646827854
47.063813476378044 15.453139480055615
47.063812784645215 15.453147327230333
47.06381160818827 15.453155049052166
47.063810143325234 15.45316266382668
47.06380869361322 15.453170284847616
47.06380827158638 15.453178173163929
47.0638092431231 15.453185956168689
47.06380946822564 15.453193861874098
47.06380877856524 15.453201709441933
47.06380881631812 15.453209621856908
47.063809852077206 15.453217386992739
47.06380817139471 15.45322490508546
47.06380577878733 15.453231995362106
47.06380259875409 15.453238384031424
47.06379911627983 15.453244423271164
47.06379563219651 15.453250460510436
47.06379242441644 15.45325681921407
47.06379008689601 15.453263948981894
