47.06426483052479 15.45313223965258
47.06425979737209 15.453135070472628
47.064254568579415 15.453136990562202
47.06424936532466 15.453139054758408
47.064244045977084 15.453140330754733
47.06423884313097 15.453142397169634
47.064233552006016 15.45314390499599
47.06422833829834 15.453145911544208
47.06422304429018 15.453147397399821
47.06421766816192 15.453147962507089
47.06421312296197 15.453143709709273
47.064210134261764 15.453137124969922
47.06420614264703 15.453131807897655
47.06420268164721 15.453125742111121
47.06419851600137 15.453120720980078
47.06419445428895 15.453115519573723
47.06419093385988 15.453109527947204
47.06418706372454 15.453104020722668
47.064183659023215 15.453097886654108
47.06418032591552 15.453091668421903
47.06417742104565 15.453085003321002
47.064173556867864 15.453079487087987
47.06417102200412 15.453072504156387
47.0641671531702 15.453066994961507
47.06416240675724 15.453063245692512
47.06415804387218 15.453058599572326
47.064153527755934 15.453054280515412
47.06414923276634 15.453049500002797
47.06414480116629 15.453044996221914
47.064140569637196 15.453040095257602
47.06413596503109 15.45303598249183
47.064131083327815 15.453032628430506
47.064126182042294 15.453029336492254
47.064121614895605 15.453025134672766
47.06411807598978 15.45301916655051
47.06411595693876 15.453011891118908
47.06411312033688 15.453005162946534
47.06411158723811 15.452997577176035
47.064109254145016 15.452990444283609
47.06410659516146 15.452983561552296
47.06410380644719 15.452976790373175
47.06410019367478 15.452970918407813
47.06409738843658 15.45296416195486
47.064093272427705 15.452959053364888
47.06408893624931 15.45295435367068
47.0640839001466 15.452951534180585
47.064079847065365 15.45294631828411
47.06407502135823 15.452942793908502
47.06406964167803 15.45294230707131
47.0640652346064 15.452946862428348
47.06406404174978 15.452954578825928
47.064063670242895 15.45296247261672
47.06406594226973 15.45296964786743
47.064067151195935 15.45297735887332
47.06406858968899 15.452984984474472
47.06406827626522 15.452992883694153
47.06406616765861 15.453000165662766
47.06406364825469 15.453007160641947
47.06406132604785 15.45301430118641
47.06405920086954 15.453021572765246
47.064056640290985 15.45302853544769
47.06405508145945 15.453036109907481
47.06405327849046 15.453043566690486
47.06405236256499 15.453051364214291
47.064050655684 15.453058869575694
47.06405017924188 15.453066751210521
47.06405205714446 15.453074168027547
47.06405089106745 15.45308189324184
47.06404934989642 15.453089475486292
47.06404962286601 15.453097377941377
47.06405008298592 15.45310526166594
47.06405028455961 15.453113168739616
47.064048051499114 15.453120370305689
47.064047606567236 15.45312825590888
47.06404759171807 15.45313616848793
47.06404651351483 15.453143921162441
47.064045281673316 15.453151624348257
47.06404369748961 15.453159187463568
47.06404263076816 15.453166943560419
47.06404019596254 15.453174002809616
47.064036008809026 15.453178985237134
47.06403260988 15.453185126200882
47.064028950936006 15.453190936225816
47.064025445460146 15.453196946717403
47.064021360808226 15.45320210926385
47.06401663045409 15.453205902020441
47.064011451304225 15.453208092972414
47.06400614301139 15.4532094646018
47.064000756142825 15.453209199621982
47.0639953824885 15.453208585894785
47.063990036686334 15.453207575892186
47.06398479808895 15.453205714290517
47.06397968128187 15.453203227601739
47.0639744939657 15.453201078689458
47.06396914722307 15.453200079473254
47.06396398208431 15.453202340585444
47.06396081822737 15.453208746540454
47.063957510059154 15.453214993409324
47.06395240327849 15.453217524128158
47.063947368946216 15.453214697832193
47.06394659296938 15.453206867655004
47.06395003749602 15.45320078169341
47.06395351596528 15.453194737481363
47.063957555683466 15.453189499290401
47.06395986045815 15.453182346584159
47.06395459129749 15.453184011945382
47.063956437272594 15.453176577874471
47.063953171086986 15.453170283574433
47.06395638606037 15.45316393270507
47.063959556003674 15.453157533238015
47.06396256637409 15.453150969807572
47.06396547893964 15.453144311948646
47.06396770176553 15.453137103561977
47.063965096434316 15.45313017675178
47.06396215945544 15.4531235420465
47.06396098771363 15.453115818679715
47.06395937282973 15.453108269570452
47.063955925990975 15.453102186430714
47.06395234750651 15.453096269389043
47.063947635404105 15.453092427979762
47.06394340176252 15.453087530948872
47.06393826021183 15.453085156800723
47.06393295413102 15.453083766847904
47.06392773694427 15.453081779884057
47.06392280837787 15.453078576929991
47.06391831752792 15.453074201463382
47.06391431363353 15.453068904326457
47.06391036992691 15.453063510758403
47.06390619373881 15.453058508536062
47.063902801871734 15.453052359162998
47.063900115238425 15.453045499611479
47.06389696021279 15.453039084276261
47.06389298188571 15.453033745784632
47.06388910130123 15.453028254429672
47.06388527422604 15.453022682730234
47.06388155057217 15.453016961994958
47.06388044057285 15.453009218997208
47.063879010516715 15.453001589976857
47.063875121162695 15.452996112009224
47.06387181475423 15.452989863132785
47.06387039335484 15.452982230626635
47.063868218622645 15.452974990692702
47.063864832009465 15.452968835082114
47.06386244454174 15.452961741072611
47.063858701736606 15.452956047335588
47.06385582364785 15.45294935724229
47.0638537250108 15.452942069069428
47.063854461573854 15.4529342306924
47.0638517217805 15.452927416607704
47.06385181264797 15.452919505123171
47.06385091452778 15.452911703136998
47.063852222704504 15.452904027122289
47.06385621395749 15.452898709464797
47.06385881621856 15.452905638761756
47.06385560372627 15.45291199233636
47.06385475961587 15.452919807308103
47.0638513781134 15.452925968970893
47.063849094697154 15.452933136425454
47.06384953030667 15.452941023150302
47.06384839478627 15.452948758168471
47.063847741408026 15.452956612424531
47.06384924484154 15.452964210980292
47.06385009248917 15.452972025126861
47.06385058215388 15.45297990501497
47.06385064982505 15.452987817000382
47.063849160813916 15.452995421674105
47.063849638450954 15.453003303153064
47.0638478752056 15.45301078037976
47.06384670985684 15.453018505830881
47.06384664769297 15.453026417913676
47.063845537755306 15.453034160930471
47.063844269464894 15.45304185135819
47.063845409219404 15.453049585034146
47.06384539116076 15.453057497598813
47.06384392078492 15.453065110083124
47.063842891704304 15.453072877132374
47.063841509979824 15.453080525323882
47.063841454209054 15.453088437509361
47.06384053603451 15.453096234463088
47.063840380075995 15.453104143759035
47.06383920668553 15.453111866586365
47.063837795473965 15.453119503165711
47.063836921190855 15.453127310984957
47.06383580221864 15.453135051198796
47.06383508490756 15.453142893422793
47.06383407000486 15.45315066449153
47.06383279564873 15.45315835275788
47.06383151344762 15.453166038212668
47.063829684064785 15.453173481117837
47.06382871342852 15.453181264364725
47.06382698134786 15.453188757273518
47.06382532669347 15.453196287798924
47.06382512351367 15.453204194784007
47.06382551781903 15.453212086191066
47.063825099070456 15.453219974883892
47.06382616945428 15.453227729893255
47.063826655685624 15.45323561023955
47.06382401652003 15.453242509390144
47.06382109669844 15.45324916039601
47.063817638504815 15.453255229630907
47.06381389156955 15.45326091751051
47.06381221541577 15.453268437781865
47.06381086121243 15.453276096574715
47.063809362198015 15.453283697011845
