47.06426496006045 15.453132804675658 0.6 
47.06425997342653 15.453135807687417 0.6 
47.06425483630303 15.45313820240068 0.6 
47.06424967350873 15.453140475023003 0.6 
47.0642444266301 15.453142285664327 0.6 
47.064239283777425 15.453144653727191 0.6 
47.064234094444515 15.453146792119826 0.6 
47.06422906407246 15.453149633571918 0.6 
47.06422393896135 15.453152083128328 0.6 
47.0642185565029 15.453152498545622 0.6 
47.064215028729194 15.453146516236421 0.6 
47.064212611192474 15.453139444207725 0.6 
47.06421124303881 15.45313179076015 0.6 
47.06420879501781 15.453124741367967 0.6 
47.064206142516156 15.453117853248541 0.6 
47.06420304457987 15.453111378229664 0.6 
47.06419998196477 15.45310486709861 0.6 
47.06419691700331 15.453098358347436 0.6 
47.064194187198964 15.45309153562809 0.6 
47.064191780100934 15.45308445592966 0.6 
47.064189638651484 15.453077194645935 0.6 
47.06418718295306 15.453070151011014 0.6 
47.06418546999488 15.453062648634118 0.6 
47.064182464502096 15.453056080387903 0.6 
47.06417975685648 15.453049238665326 0.6 
47.064176369240776 15.453043084243717 0.6 
47.0641743810738 15.453035729622561 0.6 
47.06417187923115 15.453028721072458 0.6 
47.06416910674734 15.45302193554425 0.6 
47.064165846097794 15.453015635061314 0.6 
47.0641626823507 15.453009228989385 0.6 
47.064158999367336 15.453003451791597 0.6 
47.064155432138044 15.452997520121206 0.6 
47.064153436327345 15.452990169963213 0.6 
47.06415342339296 15.452982257376917 0.6 
47.064153136813445 15.45297435596034 0.6 
47.06415466075944 15.452966766216186 0.6 
47.06415587012863 15.452959055360003 0.6 
47.06415726646376 15.452951412889389 0.6 
47.0641581935422 15.452943618206696 0.6 
47.06415869588171 15.452935740038201 0.6 
47.064157803601255 15.452927936608093 0.6 
47.06415668737651 15.452920195539345 0.6 
47.06415383773219 15.452913479255288 0.6 
47.06415019348889 15.45290764935204 0.6 
47.064145904838284 15.452902856590171 0.6 
47.06414219810375 15.452897112223122 0.6 
47.064137721306004 15.45289270583108 0.6 
47.064132338601596 15.452892297339844 0.6 
47.06412817766001 15.452897326870163 0.6 
47.06412786516949 15.452905226169527 0.6 
47.06413002183946 15.452912477738439 0.6 
47.06413305977965 15.452919013734554 0.6 
47.06413555561292 15.452926026900764 0.6 
47.06413831645655 15.45293282264977 0.6 
47.06413998807868 15.452940345094653 0.6 
47.064140931006605 15.45294813567886 0.6 
47.06414117175198 15.452956040390935 0.6 
47.064140986318414 15.452963948315821 0.6 
47.06414072426456 15.452971851567233 0.6 
47.06414044238937 15.452979753348503 0.6 
47.064139888061064 15.452987623999391 0.6 
47.06414017800966 15.452995525151065 0.6 
47.064141091549956 15.453003323277875 0.6 
47.06414298279078 15.453010732787096 0.6 
47.06414486325846 15.453018148203316 0.6 
47.06414806393442 15.453024514617416 0.6 
47.064151046445936 15.45303110540143 0.6 
47.06415385626371 15.453037857751955 0.6 
47.06415566555188 15.45304531123557 0.6 
47.06415758411415 15.453052705591375 0.6 
47.06415936612316 15.453060173225117 0.6 
47.064161812589624 15.453067223780275 0.6 
47.064163745175854 15.453074610261247 0.6 
47.064165154478296 15.453082247600376 0.6 
47.064166007340155 15.4530900605241 0.6 
47.06416683911661 15.453097878345481 0.6 
47.0641674133497 15.45310574592023 0.6 
47.06416786448676 15.453109646396818 0.3 
47.06416760394208 15.453113584168497 0.3 
47.06416626093345 15.453117014204217 0.3 
47.06416457311463 15.45312009849896 0.3 
47.06416281144334 15.45312309246623 0.3 
47.06416108173779 15.453126126335931 0.3 
47.06415914861318 15.453128882887937 0.3 
47.0641569083691 15.453131082038325 0.3 
47.064154443748464 15.453132682395886 0.3 
47.06415181909373 15.453133580092127 0.3 
47.06414912737073 15.45313338666384 0.3 
47.064146447012696 15.453132975574396 0.3 
47.06414381370189 15.453132134283658 0.3 
47.0641413033563 15.453130695225479 0.3 
47.06413899059571 15.453128664290267 0.3 
47.06413648812441 15.453127195972282 0.3 
47.064133862780814 15.45312630262781 0.3 
47.06413148176305 15.453128155792474 0.3 
47.064130545830984 15.45313186584549 0.3 
47.06413129999686 15.453135664077186 0.3 
47.064133928044534 15.453136540118875 0.3 
47.06413650066783 15.453135361704405 0.3 
47.06413882471144 15.453133358720116 0.3 
47.06414120986539 15.453131517054322 0.3 
47.06414365611594 15.453129857063969 0.3 
47.06414620024666 15.453128552127097 0.3 
47.064148864016836 15.453127952090178 0.3 
47.06415155868119 15.45312800927177 0.3 
47.064154082201554 15.453126620762433 0.3 
47.064156351166375 15.453124486013621 0.3 
47.06415878584624 15.453122789758325 0.3 
47.06416117133917 15.453120949038993 0.3 
47.064163567816436 15.453119139330667 0.3 
47.064165889270576 15.45311712988516 0.3 
47.06417019210099 15.453112364592606 0.6 
47.06417453273936 15.453107673779835 0.6 
47.064178422774376 15.453102196854422 0.6 
47.064180097938454 15.453094676107822 0.6 
47.06418006607799 15.453086763636986 0.6 
47.06417881266398 15.453079067954633 0.6 
47.06417759310807 15.453071360556986 0.6 
47.06417517479468 15.45306428910061 0.6 
47.06417487268585 15.45305638893089 0.6 
47.064171701683755 15.45304999059443 0.6 
47.06416815124753 15.453044037249631 0.6 
47.06416357464107 15.453039857671838 0.6 
47.06415966143778 15.453034416432471 0.6 
47.06415604709631 15.453028546548456 0.6 
47.064152912729874 15.453022109425344 0.6 
47.064150308638844 15.45301518161016 0.6 
47.06414834760897 15.453007811303497 0.6 
47.064146000828934 15.453000688094274 0.6 
47.06414343805279 15.45299372715455 0.6 
47.06414123736215 15.452986504145336 0.6 
47.06413901226703 15.452979297267683 0.6 
47.06413654079651 15.452972265531645 0.6 
47.06413494492535 15.45296470771365 0.6 
47.06413444095592 15.452956829769505 0.6 
47.064133691061194 15.452948994117282 0.6 
47.06413298642079 15.452941149417995 0.6 
47.06413251581545 15.452933267027452 0.6 
47.06413152215284 15.452925490045201 0.6 
47.06413028702581 15.452917787993291 0.6 
47.06412906799582 15.452910080416341 0.6 
47.06412807578943 15.452902303033405 0.6 
47.06412679305483 15.452894617770477 0.6 
47.064125892087816 15.452886816491722 0.6 
47.06412523556682 15.45287896280048 0.6 
47.06412529244894 15.45287105063205 0.6 
47.064125970847456 15.452863200948915 0.6 
47.06412735038367 15.452855551906122 0.6 
47.06412828107899 15.452847758152405 0.6 
47.064130255625514 15.452840395627373 0.6 
47.06413356928099 15.452834155029523 0.6 
47.064138735637385 15.452831899920582 0.6 
47.06414371225896 15.452834938517094 0.6 
47.06414629335088 15.452841884856838 0.6 
47.06414661756529 15.452849783137848 0.6 
47.064147513525846 15.452857585659142 0.6 
47.06414845821492 15.452865375783514 0.6 
47.06414917791572 15.452873217535634 0.6 
47.06415052701105 15.452880878271069 0.6 
47.06415212980898 15.452888432929383 0.6 
47.064153421340094 15.452896115016577 0.6 
47.064154657383334 15.45290381675171 0.6 
47.064155447583474 15.452911643862674 0.6 
47.06415632397828 15.452919451171686 0.6 
47.06415696594681 15.452927307455191 0.6 
47.06415786946342 15.45293510809843 0.6 
47.06415815314332 15.45294300974051 0.6 
47.06415907065113 15.452950806863383 0.6 
47.064159785427194 15.452958649586204 0.6 
47.0641620653994 15.452965819403246 0.6 
47.06416413963519 15.4529731226155 0.6 
47.06416613613198 15.452980472371916 0.6 
47.064168136517885 15.452987819848955 0.6 
47.06417054492063 15.45299489859103 0.6 
47.06417319648194 15.45300178749068 0.6 
47.06417589859166 15.453008633928455 0.6 
47.06417818729316 15.453015797749073 0.6 
47.06418104640177 15.453022505358913 0.6 
47.064184056314055 15.453029069242161 0.6 
47.064186930295385 15.453035763139873 0.6 
47.06418873844884 15.453043217216903 0.6 
47.06418980186202 15.453050974292767 0.6 
47.064191013269294 15.453058684459437 0.6 
47.064192326331415 15.453066358676226 0.6 
47.064193524861544 15.453074073178893 0.6 
47.06419511788347 15.45308163229223 0.6 
47.06419717292043 15.453088947192382 0.6 
47.06419961076314 15.453096004182225 0.6 
47.06420215787611 15.453102977500984 0.6 
47.06420456077333 15.453110060274224 0.6 
47.06420648934736 15.453117449014869 0.6 
47.06420865321534 15.45312469596097 0.6 
47.06421070487823 15.453132012902046 0.6 
47.064212768300926 15.453139322712776 0.6 
47.06421445354211 15.45314683860587 0.6 
47.06421561303412 15.453154565955977 0.6 
47.064215820156875 15.453162472720578 0.6 
47.06421562567463 15.453170380177003 0.6 
47.06421514941836 15.45317826183604 0.6 
47.0642151595116 15.453186174431245 0.6 
47.064214678638066 15.45319405548605 0.6 
47.064214890960415 15.453201961953415 0.6 
47.06421578310839 15.453209765416167 0.6 
