47.06426496006045 15.453132804675658 0.6 
47.06425997342653 15.453135807687417 0.6 
47.06425483630303 15.45313820240068 0.6 
47.06424967350873 15.453140475023003 0.6 
47.0642444266301 15.453142285664327 0.6 
47.064239283777425 15.453144653727191 0.6 
47.064234094444515 15.453146792119826 0.6 
47.06422906407246 15.453149633571918 0.6 
47.06422393896135 15.453152083128328 0.6 
47.0642185565029 15.453152498545622 0.6 
47.064215028729194 15.453146516236421 0.6 
47.064212611192474 15.453139444207725 0.6 
47.06421124303881 15.45313179076015 0.6 
47.06420879501781 15.453124741367967 0.6 
47.064206142516156 15.453117853248541 0.6 
47.06420304457987 15.453111378229664 0.6 
47.06419998196477 15.45310486709861 0.6 
47.06419691700331 15.453098358347436 0.6 
47.064194187198964 15.45309153562809 0.6 
47.064191780100934 15.45308445592966 0.6 
47.064189638651484 15.453077194645935 0.6 
47.06418718295306 15.453070151011014 0.6 
47.06418546999488 15.453062648634118 0.6 
47.064182464502096 15.453056080387903 0.6 
47.06417975685648 15.453049238665326 0.6 
47.064176369240776 15.453043084243717 0.6 
47.0641743810738 15.453035729622561 0.6 
47.06417187923115 15.453028721072458 0.6 
47.06416910674734 15.45302193554425 0.6 
47.064165846097794 15.453015635061314 0.6 
47.0641626823507 15.453009228989385 0.6 
47.064158999367336 15.453003451791597 0.6 
47.064155432138044 15.452997520121206 0.6 
47.064153436327345 15.452990169963213 0.6 
47.06415342339296 15.452982257376917 0.6 
47.064153136813445 15.45297435596034 0.6 
47.06415466075944 15.452966766216186 0.6 
47.06415587012863 15.452959055360003 0.6 
47.06415726646376 15.452951412889389 0.6 
47.0641581935422 15.452943618206696 0.6 
47.06415869588171 15.452935740038201 0.6 
47.064157803601255 15.452927936608093 0.6 
47.06415668737651 15.452920195539345 0.6 
47.06415383773219 15.452913479255288 0.6 
47.06415019348889 15.45290764935204 0.6 
47.064145904838284 15.452902856590171 0.6 
47.06414219810375 15.452897112223122 0.6 
47.064137721306004 15.45289270583108 0.6 
47.064132338601596 15.452892297339844 0.6 
47.06412817766001 15.452897326870163 0.6 
47.06412786516949 15.452905226169527 0.6 
47.06413002183946 15.452912477738439 0.6 
47.06413305977965 15.452919013734554 0.6 
47.06413555561292 15.452926026900764 0.6 
47.06413831645655 15.45293282264977 0.6 
47.06413998807868 15.452940345094653 0.6 
47.064140931006605 15.45294813567886 0.6 
47.06414117175198 15.452956040390935 0.6 
47.064140986318414 15.452963948315821 0.6 
47.06414072426456 15.452971851567233 0.6 
47.06414044238937 15.452979753348503 0.6 
47.064139888061064 15.452987623999391 0.6 
47.06414017800966 15.452995525151065 0.6 
47.064141091549956 15.453003323277875 0.6 
47.06414298279078 15.453010732787096 0.6 
47.06414486325846 15.453018148203316 0.6 
47.06414806393442 15.453024514617416 0.6 
47.064151046445936 15.45303110540143 0.6 
47.06415385626371 15.453037857751955 0.6 
47.06415566555188 15.45304531123557 0.6 
47.06415758411415 15.453052705591375 0.6 
47.06415936612316 15.453060173225117 0.6 
47.064161812589624 15.453067223780275 0.6 
47.064163745175854 15.453074610261247 0.6 
47.064165154478296 15.453082247600376 0.6 
47.064166007340155 15.4530900605241 0.6 
47.06416683911661 15.453097878345481 0.6 
47.0641674133497 15.45310574592023 0.6 
47.06416831562382 15.453113546873405 0.3 
47.064167794534455 15.453121422416764 0.3 
47.064165108517194 15.453128282488207 0.3 
47.064161732879555 15.453134451077691 0.3 
47.06415820953698 15.453140439012232 0.3 
47.06415475012587 15.453146506751631 0.3 
47.06415088387665 15.453152019855644 0.3 
47.06414640338849 15.453156418156421 0.3 
47.06414147414723 15.45315961887154 0.3 
47.06413622483776 15.453161414264024 0.3 
47.06413084139176 15.45316102740745 0.3 
47.064125480675685 15.453160205228562 0.3 
47.06412021405408 15.453158522647088 0.3 
47.064115193362895 15.453155644530726 0.3 
47.06411056784171 15.453151582660304 0.3 
47.064105562899115 15.453148646024337 0.3 
47.06410031221192 15.45314685933539 0.3 
47.0640955501764 15.453150565664716 0.3 
47.06409367831226 15.453157985770751 0.3 
47.06409518664401 15.453165582234144 0.3 
47.06410044273937 15.45316733431752 0.3 
47.06410558798596 15.453164977488582 0.3 
47.06411023607318 15.453160971520003 0.3 
47.06411500638108 15.453157288188416 0.3 
47.06411989888217 15.453153968207708 0.3 
47.064124987143614 15.453151358333965 0.3 
47.064130314683965 15.453150158260128 0.3 
47.06413570401268 15.453150272623313 0.3 
47.06414075105341 15.453147495604638 0.3 
47.06414528898305 15.453143226107015 0.3 
47.06415015834278 15.45313983359642 0.3 
47.06415492932865 15.453136152157759 0.3 
47.064159722283165 15.453132532741105 0.3 
47.06416436519145 15.45312851385009 0.3 
47.06416866802186 15.453123748557536 0.6 
47.064173008660234 15.453119057744765 0.6 
47.064176898695244 15.453113580819352 0.6 
47.06417857385933 15.453106060072752 0.6 
47.064178541998864 15.453098147601914 0.6 
47.06417728858485 15.453090451919563 0.6 
47.064176069028946 15.453082744521916 0.6 
47.064173650715546 15.45307567306554 0.6 
47.064173348606715 15.45306777289582 0.6 
47.06417017760462 15.45306137455936 0.6 
47.064166627168404 15.453055421214561 0.6 
47.06416205056195 15.453051241636768 0.6 
47.06415813735865 15.453045800397401 0.6 
47.06415452301719 15.453039930513386 0.6 
47.06415138865074 15.453033493390274 0.6 
47.06414878455971 15.45302656557509 0.6 
47.064146823529846 15.453019195268427 0.6 
47.06414447674981 15.453012072059202 0.6 
47.064141913973664 15.453005111119479 0.6 
47.06413971328302 15.452997888110266 0.6 
47.064137488187896 15.452990681232613 0.6 
47.06413501671739 15.452983649496575 0.6 
47.06413342084622 15.452976091678579 0.6 
47.064132916876794 15.452968213734433 0.6 
47.06413216698207 15.452960378082212 0.6 
47.064131462341656 15.452952533382925 0.6 
47.06413099173632 15.452944650992382 0.6 
47.06412999807371 15.452936874010131 0.6 
47.06412876294669 15.452929171958221 0.6 
47.0641275439167 15.452921464381271 0.6 
47.0641265517103 15.452913686998334 0.6 
47.0641252689757 15.452906001735407 0.6 
47.06412436800869 15.452898200456652 0.6 
47.064123711487696 15.45289034676541 0.6 
47.06412376836982 15.45288243459698 0.6 
47.06412444676833 15.452874584913845 0.6 
47.06412582630454 15.452866935871052 0.6 
47.06412675699986 15.452859142117335 0.6 
47.06412873154639 15.452851779592303 0.6 
47.06413204520186 15.452845538994453 0.6 
47.06413721155826 15.452843283885512 0.6 
47.06414218817984 15.452846322482024 0.6 
47.064144769271756 15.452853268821768 0.6 
47.06414509348617 15.452861167102778 0.6 
47.06414598944672 15.452868969624072 0.6 
47.06414693413579 15.452876759748444 0.6 
47.0641476538366 15.452884601500562 0.6 
47.06414900293193 15.452892262235999 0.6 
47.06415060572986 15.452899816894313 0.6 
47.06415189726096 15.452907498981505 0.6 
47.0641531333042 15.45291520071664 0.6 
47.06415392350435 15.452923027827604 0.6 
47.06415479989915 15.452930835136616 0.6 
47.06415544186768 15.45293869142012 0.6 
47.0641563453843 15.45294649206336 0.6 
47.064156629064186 15.45295439370544 0.6 
47.064157546572005 15.452962190828313 0.6 
47.06415826134807 15.452970033551134 0.6 
47.06416054132027 15.452977203368176 0.6 
47.06416261555606 15.45298450658043 0.6 
47.064164612052856 15.452991856336846 0.6 
47.06416661243876 15.452999203813885 0.6 
47.064169020841504 15.45300628255596 0.6 
47.064171672402814 15.45301317145561 0.6 
47.06417437451253 15.453020017893385 0.6 
47.064176663214035 15.453027181714 0.6 
47.06417952232265 15.453033889323843 0.6 
47.06418253223492 15.453040453207091 0.6 
47.06418540621626 15.453047147104803 0.6 
47.06418721436972 15.453054601181833 0.6 
47.0641882777829 15.453062358257696 0.6 
47.06418948919017 15.453070068424367 0.6 
47.06419080225229 15.453077742641156 0.6 
47.06419200078241 15.453085457143823 0.6 
47.06419359380435 15.45309301625716 0.6 
47.064195648841306 15.453100331157312 0.6 
47.064198086684016 15.453107388147155 0.6 
47.064200633796986 15.453114361465914 0.6 
47.0642030366942 15.453121444239153 0.6 
47.06420496526823 15.453128832979798 0.6 
47.064207129136214 15.4531360799259 0.6 
47.064209180799104 15.453143396866976 0.6 
47.0642112442218 15.453150706677706 0.6 
47.06421292946298 15.4531582225708 0.6 
47.064214088955 15.453165949920907 0.6 
47.06421429607775 15.453173856685508 0.6 
47.0642141015955 15.453181764141933 0.6 
47.064213625339235 15.45318964580097 0.6 
47.06421363543247 15.453197558396175 0.6 
47.06421315455894 15.45320543945098 0.6 
47.06421336688128 15.453213345918345 0.6 
47.064214259029264 15.453221149381097 0.6 
