47.06426495047326 15.453132767261785 0.6 
47.06425994078588 15.453135686409555 0.6 
47.06425483249064 15.45313821053202 0.6 
47.064249656471084 15.45314041736908 0.6 
47.064244429229774 15.453142346540657 0.6 
47.064239208735614 15.453144314693485 0.6 
47.064234073287174 15.453146717137177 0.6 
47.06422903438183 15.453149525814842 0.6 
47.06422373908936 15.453151001774465 0.6 
47.064228687825086 15.453154136988509 0.6 
47.06422353361793 15.453151822740194 0.6 
47.064221409382476 15.453144550567645 0.6 
47.06421962565497 15.45313708381818 0.6 
47.06421732859772 15.453129925763584 0.6 
47.06421447634719 15.45312321186419 0.6 
47.064211356506185 15.453116759551454 0.6 
47.06420824591063 15.453110297625763 0.6 
47.06420524499101 15.45310372487467 0.6 
47.06420251772242 15.453096899970134 0.6 
47.06420016487057 15.453089781078964 0.6 
47.06419801248515 15.453082526767073 0.6 
47.06419604545282 15.453075159908458 0.6 
47.06419417273079 15.453067740268967 0.6 
47.06419171505744 15.453060698118712 0.6 
47.06418869543206 15.453054143857102 0.6 
47.06418586181505 15.453047412974595 0.6 
47.06418334227882 15.453040418098114 0.6 
47.06418074381101 15.453033485733965 0.6 
47.06417795809959 15.453026711891463 0.6 
47.064174991164435 15.453020105973351 0.6 
47.06417175423571 15.453013779184644 0.6 
47.06416803022553 15.453008058949242 0.6 
47.06416431576807 15.453002325343627 0.6 
47.064162253834304 15.45299501462747 0.6 
47.064161902014824 15.452987118892962 0.6 
47.06416212410972 15.452979213004223 0.6 
47.06416320516581 15.452971461185975 0.6 
47.06416463566393 15.452963832344205 0.6 
47.06416595399354 15.452956160073937 0.6 
47.06416688630332 15.452948366736088 0.6 
47.064167204935366 15.452940467965492 0.6 
47.06416676452753 15.452932581814986 0.6 
47.064165154475866 15.452925030481598 0.6 
47.06416227586604 15.45291834087147 0.6 
47.06415840555889 15.452912833907144 0.6 
47.06415438053713 15.45290757139063 0.6 
47.064150863282336 15.452901575747738 0.6 
47.0641456457294 15.452899590857273 0.6 
47.064150907241086 15.452897874167594 0.6 
47.064146620759594 15.452902671109687 0.6 
47.06414631545173 15.452910571014359 0.6 
47.0641484649423 15.452917827175865 0.6 
47.064151319907616 15.452924538588038 0.6 
47.06415425365394 15.452931176374827 0.6 
47.064156872835916 15.452938091918524 0.6 
47.06415866497458 15.452945554326076 0.6 
47.06415957683429 15.452953352876785 0.6 
47.06415980830212 15.45296125818606 0.6 
47.06415965801544 15.452969167718651 0.6 
47.06415923156437 15.452977055522153 0.6 
47.06415866664344 15.452984924549687 0.6 
47.06415823528004 15.452992811777497 0.6 
47.064158221184876 15.45300072435952 0.6 
47.064158981852394 15.453008557773519 0.6 
47.06416061510173 15.453016098362898 0.6 
47.064162871507015 15.453023284229655 0.6 
47.06416595662461 15.453029772425428 0.6 
47.064169126810306 15.453036171633705 0.6 
47.064171876341234 15.453042977260138 0.6 
47.064174325093134 15.453050026105203 0.6 
47.06417657926739 15.45305721348087 0.6 
47.06417877903327 15.453064437097156 0.6 
47.06418097367833 15.453071664069533 0.6 
47.06418286307664 15.453079074591745 0.6 
47.06418419533211 15.453086741675971 0.6 
47.06418508123704 15.453094546671434 0.6 
47.06418587610921 15.453102372762796 0.6 
47.06418681926877 15.453110163286572 0.6 
47.06418721405838 15.453114076909579 0.3 
47.06418688026987 15.45311800275077 0.3 
47.064185537214286 15.453121432746869 0.3 
47.06418385378596 15.45312452220856 0.3 
47.06418211904176 15.453127549871775 0.3 
47.064180355215775 15.453130541103734 0.3 
47.06417842554647 15.453133302868423 0.3 
47.06417617570673 15.453135480804745 0.3 
47.064173710837444 15.453137080336779 0.3 
47.06417110762074 15.45313605691187 0.3 
47.064173364874264 15.45313389557133 0.3 
47.06417074967991 15.45313485092044 0.3 
47.06416811136402 15.45313404413281 0.3 
47.064165593296835 15.453132634448673 0.3 
47.0641632074136 15.453130794819868 0.3 
47.06416073721145 15.453129213117275 0.3 
47.06415897129 15.453126224551058 0.3 
47.06415748662103 15.453129526346547 0.3 
47.064156531814916 15.453133226020132 0.3 
47.0641573095606 15.453137013989899 0.3 
47.06415985629304 15.453138307943238 0.3 
47.064162327812255 15.453136730681067 0.3 
47.0641646064121 15.453134618165445 0.3 
47.064166940328306 15.453132640075813 0.3 
47.06416939406221 15.45313100406181 0.3 
47.06417183999325 15.453129343057089 0.3 
47.064174488643395 15.453128612882328 0.3 
47.06417718347622 15.453128649117255 0.3 
47.06417959681845 15.453126888372191 0.3 
47.064181844083166 15.453124704713844 0.3 
47.064184250063875 15.4531229223887 0.3 
47.064186675790836 15.453121198711434 0.3 
47.064189067868625 15.45311937650201 0.3 
47.064191365655006 15.453117309260252 0.3 
47.064195693962766 15.453112593955725 0.6 
47.06419989436386 15.453107635617902 0.6 
47.06420349453765 15.453101746999772 0.6 
47.06420532557819 15.453094304973165 0.6 
47.064205149302566 15.45308639659691 0.6 
47.06420381380135 15.453078730729752 0.6 
47.06420245064795 15.453071075359523 0.6 
47.064201185342746 15.453063383872111 0.6 
47.064200396249404 15.453055556520505 0.6 
47.06419929576938 15.453047810594903 0.6 
47.06419495842772 15.453043113214674 0.6 
47.064190228976884 15.453039318031097 0.6 
47.06418624494649 15.453033988713768 0.6 
47.064183036825355 15.453027630380975 0.6 
47.06418010995515 15.45302098605537 0.6 
47.06417759356057 15.453013988742029 0.6 
47.06417531435688 15.453006818398409 0.6 
47.06417289289042 15.45299974926782 0.6 
47.06417040010343 15.452992733767008 0.6 
47.06416801064495 15.452985641202169 0.6 
47.06416547951583 15.452978655351579 0.6 
47.06416296015728 15.452971660337179 0.6 
47.064161182911974 15.452964190257195 0.6 
47.06416049012699 15.452956343282517 0.6 
47.06416028187479 15.452948436581854 0.6 
47.06416016030513 15.452940525985735 0.6 
47.064159437266575 15.45293268489537 0.6 
47.064158377055996 15.452924926874783 0.6 
47.064157351983866 15.452917158683249 0.6 
47.06415621449799 15.452909424287485 0.6 
47.064155016399646 15.452901709640276 0.6 
47.064153736533456 15.452894023346763 0.6 
47.06415257719189 15.452886295948005 0.6 
47.06415189370658 15.452878447215932 0.6 
47.06415189582627 15.452870534607465 0.6 
47.06415262319995 15.45286269438125 0.6 
47.06415359622321 15.45285491177672 0.6 
47.06415458918496 15.452847134601551 0.6 
47.06415652689253 15.452839751012752 0.6 
47.06416009589398 15.45283382164025 0.6 
47.0641653268333 15.452831914193364 0.6 
47.06417043740437 15.452834428367758 0.6 
47.06417267634242 15.452841625999787 0.6 
47.064173367982875 15.452849473192053 0.6 
47.06417386184495 15.452857352515608 0.6 
47.06417477839811 15.452865149880456 0.6 
47.064175778779884 15.452872925006014 0.6 
47.06417707793534 15.452880604322017 0.6 
47.06417862295326 15.452888184879018 0.6 
47.0641800896432 15.4528957988956 0.6 
47.06418117526331 15.452903549339096 0.6 
47.064182025682996 15.452911362836517 0.6 
47.064182837131135 15.452919185260825 0.6 
47.06418360613825 15.452927016919768 0.6 
47.064184295260894 15.452934864589414 0.6 
47.064184926660324 15.45294272271867 0.6 
47.064185704579344 15.45295055248052 0.6 
47.064186874791204 15.452958276347207 0.6 
47.064188771037244 15.452965683098931 0.6 
47.06419092255943 15.452972937962677 0.6 
47.06419315266471 15.452980141502067 0.6 
47.06419550628576 15.452987259845228 0.6 
47.064198092989095 15.452994201684982 0.6 
47.06420076697717 15.453001071876923 0.6 
47.06420342058613 15.453007959077125 0.6 
47.06420607519851 15.453014845443905 0.6 
47.06420881690883 15.45302165786669 0.6 
47.064211701370326 15.453028342042325 0.6 
47.06421448221358 15.453035120194338 0.6 
47.064216802773714 15.453042261892454 0.6 
47.06421845768888 15.45304979229436 0.6 
47.06421950887422 15.453057552961331 0.6 
47.06422054948927 15.453065316697828 0.6 
47.064221738179796 15.453073034480838 0.6 
47.06422322172502 15.453080641456506 0.6 
47.06422526302273 15.45308796464282 0.6 
47.064227722512655 15.45309500542612 0.6 
47.0642302779285 15.453101972195077 0.6 
47.064232702939115 15.45310903870687 0.6 
47.06423485877963 15.453116290807309 0.6 
47.06423680420196 15.45312367002275 0.6 
47.06423880472845 15.453131017417304 0.6 
47.06424085995585 15.453138332202137 0.6 
47.06424257751262 15.453145832312822 0.6 
47.06424369578981 15.453153572743135 0.6 
47.06424397348519 15.453161474843359 0.6 
47.06424358248515 15.453169366604852 0.6 
47.064243040622905 15.453177239126434 0.6 
47.064242640233005 15.453185129873194 0.6 
47.064242513066795 15.453193040279682 0.6 
47.06424296787324 15.453200924668698 0.6 
47.064243955574845 15.453208703287299 0.6 
