47.06416831562382 15.453113546873405 0.3 
47.064167794534455 15.453121422416764 0.3 
47.064165108517194 15.453128282488207 0.3 
47.064161732879555 15.453134451077691 0.3 
47.06415820953698 15.453140439012232 0.3 
47.06415475012587 15.453146506751631 0.3 
47.06415088387665 15.453152019855644 0.3 
47.06414640338849 15.453156418156421 0.3 
47.06414147414723 15.45315961887154 0.3 
47.06413622483776 15.453161414264024 0.3 
47.06413084139176 15.45316102740745 0.3 
47.064125480675685 15.453160205228562 0.3 
47.06412021405408 15.453158522647088 0.3 
47.064115193362895 15.453155644530726 0.3 
47.06411056784171 15.453151582660304 0.3 
47.064105562899115 15.453148646024337 0.3 
47.06410031221192 15.45314685933539 0.3 
47.0640955501764 15.453150565664716 0.3 
47.06409367831226 15.453157985770751 0.3 
47.06409518664401 15.453165582234144 0.3 
47.06410044273937 15.45316733431752 0.3 
47.06410558798596 15.453164977488582 0.3 
47.06411023607318 15.453160971520003 0.3 
47.06411500638108 15.453157288188416 0.3 
47.06411989888217 15.453153968207708 0.3 
47.064124987143614 15.453151358333965 0.3 
47.064130314683965 15.453150158260128 0.3 
47.06413570401268 15.453150272623313 0.3 
47.06414075105341 15.453147495604638 0.3 
47.06414528898305 15.453143226107015 0.3 
47.06415015834278 15.45313983359642 0.3 
47.06415492932865 15.453136152157759 0.3 
47.064159722283165 15.453132532741105 0.3 
47.06416436519145 15.45312851385009 0.3 