47.06416786448676 15.453109646396818 0.3 
47.06416760394208 15.453113584168497 0.3 
47.06416626093345 15.453117014204217 0.3 
47.06416457311463 15.45312009849896 0.3 
47.06416281144334 15.45312309246623 0.3 
47.06416108173779 15.453126126335931 0.3 
47.06415914861318 15.453128882887937 0.3 
47.0641569083691 15.453131082038325 0.3 
47.064154443748464 15.453132682395886 0.3 
47.06415181909373 15.453133580092127 0.3 
47.06414912737073 15.45313338666384 0.3 
47.064146447012696 15.453132975574396 0.3 
47.06414381370189 15.453132134283658 0.3 
47.0641413033563 15.453130695225479 0.3 
47.06413899059571 15.453128664290267 0.3 
47.06413648812441 15.453127195972282 0.3 
47.064133862780814 15.45312630262781 0.3 
47.06413148176305 15.453128155792474 0.3 
47.064130545830984 15.45313186584549 0.3 
47.06413129999686 15.453135664077186 0.3 
47.064133928044534 15.453136540118875 0.3 
47.06413650066783 15.453135361704405 0.3 
47.06413882471144 15.453133358720116 0.3 
47.06414120986539 15.453131517054322 0.3 
47.06414365611594 15.453129857063969 0.3 
47.06414620024666 15.453128552127097 0.3 
47.064148864016836 15.453127952090178 0.3 
47.06415155868119 15.45312800927177 0.3 
47.064154082201554 15.453126620762433 0.3 
47.064156351166375 15.453124486013621 0.3 
47.06415878584624 15.453122789758325 0.3 
47.06416117133917 15.453120949038993 0.3 
47.064163567816436 15.453119139330667 0.3 
47.064165889270576 15.45311712988516 0.3 