47.064169467667355 15.453106612574231 0.3 
47.0641691933495 15.453110548329466 0.3 
47.06416779313945 15.453113928709048 0.3 
47.06416612181814 15.453117032304945 0.3 
47.064164365614026 15.453120033186453 0.3 
47.06416261060815 15.453123035578361 0.3 
47.06416068952984 15.453125810220802 0.3 
47.064158437267274 15.453127982753564 0.3 
47.064155977756144 15.453129599963443 0.3 
47.06415335481381 15.453130508382307 0.3 
47.064150661144765 15.45313038661234 0.3 
47.064147999045716 15.453129770799332 0.3 
47.06414535378696 15.45312901459275 0.3 
47.06414282192782 15.453127659193942 0.3 
47.06414043948879 15.453125809970176 0.3 
47.06413796540216 15.453124241406783 0.3 
47.06413533087909 15.453123408335857 0.3 
47.064132914980135 15.453125161508225 0.3 
47.06413199764331 15.453128881557213 0.3 
47.06413280783357 15.453132654842431 0.3 
47.064135357991184 15.453133934174698 0.3 
47.064137829368185 15.453132356432324 0.3 
47.06414013257534 15.453130302232534 0.3 
47.06414245854711 15.453128304077651 0.3 
47.06414492398607 15.453126706438916 0.3 
47.06414736026964 15.45312501515334 0.3 
47.064149999450834 15.453124214488323 0.3 
47.06415269275269 15.45312435265821 0.3 
47.06415507199688 15.453122494590781 0.3 
47.06415728811696 15.453120243379203 0.3 
47.06415971547153 15.453118524647172 0.3 
47.06416213064919 15.453116769334278 0.3 
47.064164528746105 15.453114964255848 0.3 
47.06416682826119 15.45311290116093 0.3 