47.0642649283273 15.453132678557909 0.6 
47.06425993986611 15.453135675022022 0.6 
47.06425481785602 15.453138138517506 0.6 
47.0642496427695 15.453140350065436 0.6 
47.06424440397069 15.453142210445051 0.6 
47.06423918858055 15.45314420754794 0.6 
47.064234044063554 15.453146567806872 0.6 
47.0642290075591 15.45314938575 0.6 
47.06422385439519 15.453151704999886 0.6 
47.064218472888165 15.453152146183088 0.6 
47.06421474935933 15.453146425272418 0.6 
47.06421268059369 15.453139118717058 0.6 
47.06421088745365 15.453131656827958 0.6 
47.06420857976563 15.45312450614643 0.6 
47.06420576636672 15.45311775701034 0.6 
47.06420263839885 15.45311131318297 0.6 
47.06419954608065 15.453104832378987 0.6 
47.06419654755819 15.453098257270499 0.6 
47.06419383760795 15.453091417514692 0.6 
47.06419145026473 15.453084323414888 0.6 
47.064189349435956 15.453077036603002 0.6 
47.064187341842654 15.45306969336376 0.6 
47.064185559200524 15.453062226055689 0.6 
47.06418310461472 15.453055181585015 0.6 
47.06418006465197 15.453048647615926 0.6 
47.06417725127091 15.4530418984638 0.6 
47.06417476535775 15.45303487770835 0.6 
47.06417217963734 15.453027935079437 0.6 
47.06416941215624 15.453021145151384 0.6 
47.06416643864591 15.45301454560785 0.6 
47.06416320999668 15.45300820970818 0.6 
47.064159541668204 15.453002412450607 0.6 
47.0641557419552 15.452996800536035 0.6 
47.06415369450851 15.452989481050144 0.6 
47.06415341864142 15.452981578811912 0.6 
47.06415356390224 15.452973669076956 0.6 
47.06415470233694 15.45296593498206 0.6 
47.06415612742314 15.452958303957685 0.6 
47.06415747778914 15.452950643704758 0.6 
47.06415836635553 15.452942839361347 0.6 
47.06415869612341 15.452934941575856 0.6 
47.06415823721047 15.452927057699677 0.6 
47.064156679367386 15.452919482801628 0.6 
47.06415379150061 15.452912801795618 0.6 
47.06414994689264 15.452907256170953 0.6 
47.064145818576485 15.45290216902855 0.6 
47.06414237802765 15.45289607821967 0.6 
47.064138447580994 15.452890663831543 0.6 
47.06413306642152 15.452890213604718 0.6 
47.06412890435511 15.452895241128845 0.6 
47.06412853468734 15.45290313510571 0.6 
47.06413073169184 15.452910360532924 0.6 
47.06413355726817 15.452917098696409 0.6 
47.06413646912538 15.452923757223049 0.6 
47.064139090801696 15.452930670729492 0.6 
47.06414091197634 15.452938117971637 0.6 
47.06414179897476 15.452945922699442 0.6 
47.06414204015914 15.452953827382675 0.6 
47.064141893986516 15.452961737081429 0.6 
47.06414149626151 15.452969628118636 0.6 
47.06414087838449 15.452977488564107 0.6 
47.06414049297367 15.45298538091812 0.6 
47.064140462147904 15.452993293397792 0.6 
47.064141238404886 15.453001123515136 0.6 
47.06414285356417 15.453008672497432 0.6 
47.064145116863024 15.45301585369044 0.6 
47.06414819909873 15.453022344837443 0.6 
47.06415141337076 15.453028696471856 0.6 
47.06415413878916 15.453035522969063 0.6 
47.06415657149044 15.45304258378164 0.6 
47.064158827117815 15.453049770174728 0.6 
47.064161052108616 15.453056977121795 0.6 
47.06416324892361 15.453064202673184 0.6 
47.064165165040755 15.453071598395269 0.6 
47.064166485545414 15.45307926985936 0.6 
47.06416738412145 15.453087071732414 0.6 
47.064168146149704 15.45309490486138 0.6 
47.06416908797338 15.453102695733454 0.6 
47.064169467667355 15.453106612574231 0.3 
47.0641691933495 15.453110548329466 0.3 
47.06416779313945 15.453113928709048 0.3 
47.06416612181814 15.453117032304945 0.3 
47.064164365614026 15.453120033186453 0.3 
47.06416261060815 15.453123035578361 0.3 
47.06416068952984 15.453125810220802 0.3 
47.064158437267274 15.453127982753564 0.3 
47.064155977756144 15.453129599963443 0.3 
47.06415335481381 15.453130508382307 0.3 
47.064150661144765 15.45313038661234 0.3 
47.064147999045716 15.453129770799332 0.3 
47.06414535378696 15.45312901459275 0.3 
47.06414282192782 15.453127659193942 0.3 
47.06414043948879 15.453125809970176 0.3 
47.06413796540216 15.453124241406783 0.3 
47.06413533087909 15.453123408335857 0.3 
47.064132914980135 15.453125161508225 0.3 
47.06413199764331 15.453128881557213 0.3 
47.06413280783357 15.453132654842431 0.3 
47.064135357991184 15.453133934174698 0.3 
47.064137829368185 15.453132356432324 0.3 
47.06414013257534 15.453130302232534 0.3 
47.06414245854711 15.453128304077651 0.3 
47.06414492398607 15.453126706438916 0.3 
47.06414736026964 15.45312501515334 0.3 
47.064149999450834 15.453124214488323 0.3 
47.06415269275269 15.45312435265821 0.3 
47.06415507199688 15.453122494590781 0.3 
47.06415728811696 15.453120243379203 0.3 
47.06415971547153 15.453118524647172 0.3 
47.06416213064919 15.453116769334278 0.3 
47.064164528746105 15.453114964255848 0.3 
47.06416682826119 15.45311290116093 0.3 
47.064171137181006 15.453108147741565 0.6 
47.06417534394376 15.45310320104079 0.6 
47.064178980419356 15.453097360693572 0.6 
47.06418084675029 15.4530899375843 0.6 
47.06418066918018 15.453082029270458 0.6 
47.064179282525075 15.453074383002365 0.6 
47.064178016840955 15.453066691649317 0.6 
47.064176694992035 15.453059020684176 0.6 
47.064175794110675 15.453051219384104 0.6 
47.064175114836026 15.453043369864263 0.6 
47.064170412318944 15.45303950322341 0.6 
47.064165756730794 15.453035516071076 0.6 
47.06416182233242 15.453030107872006 0.6 
47.06415862558708 15.453023737203141 0.6 
47.0641557036511 15.45301708819877 0.6 
47.064153187449676 15.453010090735736 0.6 
47.06415097097104 15.45300287813807 0.6 
47.06414853450133 15.452995820126393 0.6 
47.06414603592689 15.45298880906405 0.6 
47.06414367943732 15.452981692766492 0.6 
47.0641411846348 15.452974678809934 0.6 
47.06413860646665 15.452967730130538 0.6 
47.06413687586582 15.452960236484856 0.6 
47.064136178824704 15.452952390322531 0.6 
47.064135976549906 15.452944483287443 0.6 
47.06413588382657 15.452936571849317 0.6 
47.06413515257825 15.452928732399917 0.6 
47.06413405972474 15.452920984147609 0.6 
47.06413307579984 15.45291320449754 0.6 
47.0641318807984 15.452905488815205 0.6 
47.06413073961992 15.452897755591822 0.6 
47.064129449366426 15.452890073041953 0.6 
47.06412831406896 15.452882337953257 0.6 
47.06412761372821 15.452874492424206 0.6 
47.06412763472443 15.452866579875163 0.6 
47.06412835751068 15.452858738734665 0.6 
47.06412941232953 15.452850979130284 0.6 
47.06413033752716 15.452843183965992 0.6 
47.06413228393369 15.452835805309906 0.6 
47.06413584557826 15.452829866411316 0.6 
47.06414108069062 15.452827983799772 0.6 
47.06414622282366 15.452830355228247 0.6 
47.06414840038621 15.452837593328475 0.6 
47.06414906945712 15.452845444736806 0.6 
47.06414960072223 15.452853318814826 0.6 
47.06415056781724 15.45286110301169 0.6 
47.06415153628066 15.452868886841891 0.6 
47.06415285701866 15.452876558219412 0.6 
47.06415440912187 15.452884135656417 0.6 
47.06415589539218 15.45289174148557 0.6 
47.06415696494459 15.452899496742155 0.6 
47.06415781125123 15.452907311201969 0.6 
47.06415862121554 15.452915133957694 0.6 
47.06415941799753 15.452922959630495 0.6 
47.06416007802888 15.452930812687603 0.6 
47.064160731773185 15.452938666878017 0.6 
47.064161469 15.45294650512056 0.6 
47.064162649624855 15.45295422557132 0.6 
47.064164543720054 15.452961633509009 0.6 
47.06416672228062 15.452968870961975 0.6 
47.0641689373576 15.452976084487593 0.6 
47.064171290342564 15.452983203283946 0.6 
47.06417389355103 15.452990131813937 0.6 
47.06417656977365 15.452997000130454 0.6 
47.06417921205722 15.453003896708509 0.6 
47.06418188790576 15.453010765339133 0.6 
47.06418460314437 15.45301760057338 0.6 
47.064187505517246 15.453024268018261 0.6 
47.064190325614405 15.453031011126892 0.6 
47.06419263625738 15.453038159751584 0.6 
47.06419429530377 15.453045688194132 0.6 
47.064195357732466 15.45305344556072 0.6 
47.06419640002549 15.4530612088121 0.6 
47.064197614775985 15.45306891784506 0.6 
47.0641990718452 15.453076535841538 0.6 
47.06420112191409 15.453083853745442 0.6 
47.064203608298435 15.453090874141285 0.6 
47.06420616631999 15.453097838849043 0.6 
47.06420857496884 15.453104917410652 0.6 
47.06421075562021 15.453112153506469 0.6 
47.06421267900948 15.453119545159202 0.6 
47.06421469110374 15.453126885742996 0.6 
47.064216737116986 15.453134206092686 0.6 
47.06421848653498 15.45314169031589 0.6 
47.0642195843842 15.45314943704601 0.6 
47.06421988617457 15.453157337241961 0.6 
47.06421946721813 15.453165225911002 0.6 
47.064218930553395 15.45317309919984 0.6 
47.06421856901328 15.453180993987925 0.6 
47.06421839826258 15.45318890262542 0.6 
47.064218868715265 15.453196785035603 0.6 
47.06421985263435 15.453204564687256 0.6 
